1279429200.0,0.09
1279515600.0,0.08
1279602000.0,0.07
1279688400.0,0.08
1279774800.0,0.05
1279861200.0,0.06
1279947600.0,0.05
1280034000.0,0.05
1280120400.0,0.06
1280206800.0,0.06
1280293200.0,0.06
1280379600.0,0.07
1280466000.0,0.06
1280552400.0,0.07
1280638800.0,0.06
1280725200.0,0.06
1280811600.0,0.06
1280898000.0,0.06
1280984400.0,0.06
1281070800.0,0.06
1281157200.0,0.06
1281243600.0,0.06
1281330000.0,0.07
1281416400.0,0.07
1281502800.0,0.07
1281589200.0,0.07
1281675600.0,0.06
1281762000.0,0.07
1281848400.0,0.07
1281934800.0,0.07
1282021200.0,0.07
1282107600.0,0.07
1282194000.0,0.07
1282280400.0,0.07
1282366800.0,0.07
1282453200.0,0.07
1282539600.0,0.06
1282626000.0,0.06
1282712400.0,0.06
1282798800.0,0.06
1282885200.0,0.06
1282971600.0,0.06
1283058000.0,0.06
1283144400.0,0.06
1283230800.0,0.06
1283317200.0,0.06
1283403600.0,0.06
1283490000.0,0.06
1283576400.0,0.06
1283662800.0,0.06
1283749200.0,0.06
1283835600.0,0.06
1283922000.0,0.06
1284008400.0,0.06
1284094800.0,0.06
1284181200.0,0.06
1284267600.0,0.06
1284354000.0,0.06
1284440400.0,0.06
1284526800.0,0.06
1284613200.0,0.06
1284699600.0,0.06
1284786000.0,0.06
1284872400.0,0.06
1284958800.0,0.06
1285045200.0,0.06
1285131600.0,0.06
1285218000.0,0.06
1285304400.0,0.06
1285390800.0,0.06
1285477200.0,0.06
1285563600.0,0.06
1285650000.0,0.06
1285736400.0,0.06
1285822800.0,0.06
1285909200.0,0.06
1285995600.0,0.06
1286082000.0,0.06
1286168400.0,0.06
1286254800.0,0.06
1286341200.0,0.06
1286427600.0,0.07
1286514000.0,0.09
1286600400.0,0.09
1286686800.0,0.1
1286773200.0,0.09
1286859600.0,0.09
1286946000.0,0.1
1287032400.0,0.1
1287118800.0,0.1
1287205200.0,0.1
1287291600.0,0.1
1287378000.0,0.1
1287464400.0,0.1
1287550800.0,0.1
1287637200.0,0.11
1287723600.0,0.1
1287810000.0,0.11
1287896400.0,0.11
1287982800.0,0.13
1288069200.0,0.15
1288155600.0,0.19
1288242000.0,0.17
1288328400.0,0.19
1288414800.0,0.2
1288501200.0,0.19
1288587600.0,0.2
1288674000.0,0.19
1288760400.0,0.19
1288846800.0,0.23
1288933200.0,0.26
1289019600.0,0.39
1289106000.0,0.34
1289196000.0,0.24
1289282400.0,0.21
1289368800.0,0.24
1289455200.0,0.22
1289541600.0,0.27
1289628000.0,0.28
1289714400.0,0.28
1289800800.0,0.27
1289887200.0,0.22
1289973600.0,0.23
1290060000.0,0.27
1290146400.0,0.28
1290232800.0,0.28
1290319200.0,0.28
1290405600.0,0.29
1290492000.0,0.28
1290578400.0,0.28
1290664800.0,0.28
1290751200.0,0.28
1290837600.0,0.28
1290924000.0,0.27
1291010400.0,0.23
1291096800.0,0.21
1291183200.0,0.23
1291269600.0,0.25
1291356000.0,0.25
1291442400.0,0.2
1291528800.0,0.19
1291615200.0,0.2
1291701600.0,0.23
1291788000.0,0.24
1291874400.0,0.2
1291960800.0,0.2
1292047200.0,0.23
1292133600.0,0.22
1292220000.0,0.23
1292306400.0,0.25
1292392800.0,0.24
1292479200.0,0.25
1292565600.0,0.24
1292652000.0,0.24
1292738400.0,0.24
1292824800.0,0.27
1292911200.0,0.24
1292997600.0,0.25
1293084000.0,0.25
1293170400.0,0.25
1293256800.0,0.25
1293343200.0,0.26
1293429600.0,0.26
1293516000.0,0.28
1293602400.0,0.3
1293688800.0,0.3
1293775200.0,0.3
1293861600.0,0.3
1293948000.0,0.3
1294034400.0,0.29
1294120800.0,0.3
1294207200.0,0.3
1294293600.0,0.3
1294380000.0,0.32
1294466400.0,0.32
1294552800.0,0.32
1294639200.0,0.33
1294725600.0,0.33
1294812000.0,0.32
1294898400.0,0.32
1294984800.0,0.4
1295071200.0,0.39
1295157600.0,0.39
1295244000.0,0.35
1295330400.0,0.31
1295416800.0,0.31
1295503200.0,0.39
1295589600.0,0.42
1295676000.0,0.44
1295762400.0,0.44
1295848800.0,0.42
1295935200.0,0.41
1296021600.0,0.42
1296108000.0,0.42
1296194400.0,0.45
1296280800.0,0.44
1296367200.0,0.48
1296453600.0,0.52
1296540000.0,0.7
1296626400.0,0.72
1296712800.0,0.69
1296799200.0,0.81
1296885600.0,0.92
1296972000.0,0.9
1297058400.0,0.89
1297144800.0,0.92
1297231200.0,1.09
1297317600.0,0.98
1297404000.0,1.07
1297490400.0,1.08
1297576800.0,1.05
1297663200.0,1.07
1297749600.0,1.05
1297836000.0,1.04
1297922400.0,1.04
1298008800.0,0.9
1298095200.0,0.95
1298181600.0,0.85
1298268000.0,0.83
1298354400.0,0.87
1298440800.0,0.9
1298527200.0,1
1298613600.0,0.91
1298700000.0,0.96
1298786400.0,0.89
1298872800.0,0.86
1298959200.0,0.92
1299045600.0,0.94
1299132000.0,0.94
1299218400.0,0.9
1299304800.0,0.91
1299391200.0,0.9
1299477600.0,0.88
1299564000.0,0.87
1299650400.0,0.86
1299736800.0,0.93
1299823200.0,0.88
1299909600.0,0.92
1299996000.0,0.89
1300078800.0,0.89
1300165200.0,0.87
1300251600.0,0.86
1300338000.0,0.83
1300424400.0,0.82
1300510800.0,0.76
1300597200.0,0.74
1300683600.0,0.76
1300770000.0,0.81
1300856400.0,0.85
1300942800.0,0.87
1301029200.0,0.88
1301115600.0,0.86
1301202000.0,0.82
1301288400.0,0.8
1301374800.0,0.79
1301461200.0,0.79
1301547600.0,0.78
1301634000.0,0.77
1301720400.0,0.78
1301806800.0,0.78
1301893200.0,0.68
1301979600.0,0.71
1302066000.0,0.74
1302152400.0,0.75
1302238800.0,0.75
1302325200.0,0.73
1302411600.0,0.74
1302498000.0,0.77
1302584400.0,0.86
1302670800.0,0.92
1302757200.0,1
1302843600.0,0.99
1302930000.0,1.05
1303016400.0,1.11
1303102800.0,1.16
1303189200.0,1.2
1303275600.0,1.14
1303362000.0,1.21
1303448400.0,1.41
1303534800.0,1.7
1303621200.0,1.63
1303707600.0,1.56
1303794000.0,1.79
1303880400.0,1.9
1303966800.0,2.21
1304053200.0,2.88
1304139600.0,3.5
1304226000.0,3.03
1304312400.0,3.2
1304398800.0,3.41
1304485200.0,3.41
1304571600.0,3.33
1304658000.0,3.45
1304744400.0,3.64
1304830800.0,3.87
1304917200.0,3.8
1305003600.0,5.81
1305090000.0,5.5
1305176400.0,6.3
1305262800.0,8.2
1305349200.0,7.2
1305435600.0,6.99
1305522000.0,8.03
1305608400.0,7.19
1305694800.0,6.88
1305781200.0,6.8
1305867600.0,5.59
1305954000.0,6.12
1306040400.0,6.69
1306126800.0,7.15
1306213200.0,7.42
1306299600.0,8.4
1306386000.0,8.8
1306472400.0,8.5
1306558800.0,8.3
1306645200.0,8.43
1306731600.0,8.8
1306818000.0,8.74
1306904400.0,9.57
1306990800.0,10.6
1307077200.0,14.29
1307163600.0,18.89
1307250000.0,16.7
1307336400.0,18.55
1307422800.0,23.92
1307509200.0,29.6
1307595600.0,28.92
1307682000.0,23.95
1307768400.0,14.65
1307854800.0,18.55
1307941200.0,19.84
1308027600.0,19.28
1308114000.0,19.49
1308200400.0,17
1308286800.0,15.68
1308373200.0,16.89
1308459600.0,17.51
1308546000.0,17.51
1308632400.0,17.51
1308718800.0,17.51
1308805200.0,17.51
1308891600.0,17.51
1308978000.0,17.51
1309064400.0,16.45
1309150800.0,16.75
1309237200.0,16.95
1309323600.0,16.84
1309410000.0,16.1
1309496400.0,15.4
1309582800.0,15.4
1309669200.0,15.44
1309755600.0,13.86
1309842000.0,12.91
1309928400.0,14.78
1310014800.0,14.78
1310101200.0,14.31
1310187600.0,14.38
1310274000.0,14.9
1310360400.0,14.21
1310446800.0,14.01
1310533200.0,13.95
1310619600.0,13.99
1310706000.0,13.81
1310792400.0,13.72
1310878800.0,13.16
1310965200.0,13.48
1311051600.0,13.85
1311138000.0,13.69
1311224400.0,13.61
1311310800.0,13.7
1311397200.0,13.68
1311483600.0,13.98
1311570000.0,14.05
1311656400.0,13.88
1311742800.0,13.94
1311829200.0,13.49
1311915600.0,13.5
1312002000.0,13.53
1312088400.0,13.35
1312174800.0,13.09
1312261200.0,12.05
1312347600.0,9.26
1312434000.0,10.75
1312520400.0,9.8
1312606800.0,6.55
1312693200.0,7.9
1312779600.0,7.8
1312866000.0,9.99
1312952400.0,9.98
1313038800.0,9.46
1313125200.0,9.46
1313211600.0,10.13
1313298000.0,10.8
1313384400.0,11.15
1313470800.0,10.96
1313557200.0,10.95
1313643600.0,10.83
1313730000.0,11.65
1313816400.0,11.45
1313902800.0,11.31
1313989200.0,10.89
1314075600.0,10.94
1314162000.0,10.85
1314248400.0,9.66
1314334800.0,8.18
1314421200.0,8.59
1314507600.0,9.07
1314594000.0,8.97
1314680400.0,8.79
1314766800.0,8.2
1314853200.0,8.21
1314939600.0,8.64
1315026000.0,8.48
1315112400.0,8.18
1315198800.0,7.61
1315285200.0,6.86
1315371600.0,7.19
1315458000.0,6.53
1315544400.0,5.03
1315630800.0,4.77
1315717200.0,5.86
1315803600.0,6.08
1315890000.0,5.8
1315976400.0,5.62
1316062800.0,4.84
1316149200.0,4.82
1316235600.0,4.77
1316322000.0,5.2
1316408400.0,5.46
1316494800.0,6.11
1316581200.0,5.61
1316667600.0,5.43
1316754000.0,5.55
1316840400.0,5.47
1316926800.0,5.33
1317013200.0,4.87
1317099600.0,4.92
1317186000.0,4.77
1317272400.0,4.78
1317358800.0,5.14
1317445200.0,5.03
1317531600.0,5.03
1317618000.0,5.02
1317704400.0,4.96
1317790800.0,4.87
1317877200.0,4.73
1317963600.0,4.27
1318050000.0,4.01
1318136400.0,4.1
1318222800.0,4.1
1318309200.0,3.93
1318395600.0,4.15
1318482000.0,4.05
1318568400.0,3.99
1318654800.0,3.84
1318741200.0,3.56
1318827600.0,2.56
1318914000.0,2.42
1319000400.0,2.27
1319086800.0,2.35
1319173200.0,2.57
1319259600.0,3.16
1319346000.0,3.17
1319432400.0,2.54
1319518800.0,2.77
1319605200.0,2.77
1319691600.0,3.04
1319778000.0,3.19
1319864400.0,3.58
1319950800.0,3.27
1320037200.0,3.25
1320123600.0,3.15
1320210000.0,3.25
1320296400.0,3.15
1320382800.0,3.11
1320469200.0,2.97
1320555600.0,2.96
1320645600.0,3.01
1320732000.0,3.03
1320818400.0,2.95
1320904800.0,2.84
1320991200.0,3.08
1321077600.0,3.03
1321164000.0,3
1321250400.0,2.22
1321336800.0,2.33
1321423200.0,2.56
1321509600.0,2.25
1321596000.0,2.05
1321682400.0,2.2
1321768800.0,2.2
1321855200.0,2.29
1321941600.0,2.33
1322028000.0,2.33
1322114400.0,2.43
1322200800.0,2.51
1322287200.0,2.47
1322373600.0,2.48
1322460000.0,2.55
1322546400.0,2.75
1322632800.0,2.97
1322719200.0,3.06
1322805600.0,3.12
1322892000.0,2.79
1322978400.0,2.83
1323064800.0,2.88
1323151200.0,3.03
1323237600.0,2.99
1323324000.0,2.98
1323410400.0,2.97
1323496800.0,3.05
1323583200.0,3.25
1323669600.0,3.13
1323756000.0,3.25
1323842400.0,3.15
1323928800.0,3.2
1324015200.0,3.2
1324101600.0,3.2
1324188000.0,3.19
1324274400.0,3.52
1324360800.0,3.95
1324447200.0,3.89
1324533600.0,3.89
1324620000.0,3.95
1324706400.0,3.94
1324792800.0,4.22
1324879200.0,4.02
1324965600.0,4.07
1325052000.0,4.19
1325138400.0,4.17
1325224800.0,4.25
1325311200.0,4.72
1325397600.0,5.27
1325484000.0,5.22
1325570400.0,4.88
1325656800.0,5.57
1325743200.0,6.95
1325829600.0,6.7
1325916000.0,6.81
1326002400.0,7.11
1326088800.0,6.33
1326175200.0,6.36
1326261600.0,6.9
1326348000.0,6.8
1326434400.0,6.41
1326520800.0,6.75
1326607200.0,7
1326693600.0,6.68
1326780000.0,5.6
1326866400.0,5.92
1326952800.0,6.36
1327039200.0,6.49
1327125600.0,6.18
1327212000.0,6.31
1327298400.0,6.36
1327384800.0,6.29
1327471200.0,5.75
1327557600.0,5.34
1327644000.0,5.29
1327730400.0,5.63
1327816800.0,5.38
1327903200.0,5.49
1327989600.0,5.48
1328076000.0,6.08
1328162400.0,6.1
1328248800.0,5.96
1328335200.0,5.87
1328421600.0,5.69
1328508000.0,5.45
1328594400.0,5.69
1328680800.0,5.6
1328767200.0,5.83
1328853600.0,5.91
1328940000.0,5.6
1329026400.0,5.51
1329112800.0,5.26
1329199200.0,4.46
1329285600.0,4.33
1329372000.0,4.27
1329458400.0,4.41
1329544800.0,4.22
1329631200.0,4.39
1329717600.0,4.36
1329804000.0,4.27
1329890400.0,4.42
1329976800.0,5.01
1330063200.0,5.03
1330149600.0,4.77
1330236000.0,4.92
1330322400.0,4.96
1330408800.0,4.87
1330495200.0,4.86
1330581600.0,4.92
1330668000.0,4.7
1330754400.0,4.61
1330840800.0,4.82
1330927200.0,4.98
1331013600.0,4.99
1331100000.0,4.94
1331186400.0,4.93
1331272800.0,4.86
1331359200.0,4.83
1331445600.0,4.91
1331528400.0,4.89
1331614800.0,5.27
1331701200.0,5.38
1331787600.0,5.33
1331874000.0,5.34
1331960400.0,5.22
1332046800.0,5.28
1332133200.0,4.69
1332219600.0,4.84
1332306000.0,4.81
1332392400.0,4.7
1332478800.0,4.69
1332565200.0,4.68
1332651600.0,4.55
1332738000.0,4.62
1332824400.0,4.81
1332910800.0,4.79
1332997200.0,4.81
1333083600.0,4.86
1333170000.0,4.91
1333256400.0,4.83
1333342800.0,4.97
1333429200.0,4.95
1333515600.0,4.91
1333602000.0,4.92
1333688400.0,4.95
1333774800.0,4.69
1333861200.0,4.79
1333947600.0,4.87
1334034000.0,4.84
1334120400.0,4.93
1334206800.0,4.92
1334293200.0,4.94
1334379600.0,4.96
1334466000.0,4.97
1334552400.0,4.93
1334638800.0,4.98
1334725200.0,5.12
1334811600.0,5.14
1334898000.0,5.35
1334984400.0,5.26
1335070800.0,5.2
1335157200.0,4.96
1335243600.0,5.1
1335330000.0,5.13
1335416400.0,5.1
1335502800.0,5.11
1335589200.0,4.98
1335675600.0,4.9
1335762000.0,4.95
1335848400.0,5
1335934800.0,5.07
1336021200.0,5.13
1336107600.0,5.07
1336194000.0,5.08
1336280400.0,5.05
1336366800.0,5.06
1336453200.0,5.05
1336539600.0,5.04
1336626000.0,4.85
1336712400.0,4.96
1336798800.0,4.95
1336885200.0,4.93
1336971600.0,5.01
1337058000.0,5.03
1337144400.0,5.09
1337230800.0,5.1
1337317200.0,5.12
1337403600.0,5.1
1337490000.0,5.09
1337576400.0,5.1
1337662800.0,5.1
1337749200.0,5.14
1337835600.0,5.12
1337922000.0,5.15
1338008400.0,5.1
1338094800.0,5.14
1338181200.0,5.14
1338267600.0,5.15
1338354000.0,5.13
1338440400.0,5.18
1338526800.0,5.27
1338613200.0,5.25
1338699600.0,5.21
1338786000.0,5.27
1338872400.0,5.44
1338958800.0,5.46
1339045200.0,5.59
1339131600.0,5.63
1339218000.0,5.56
1339304400.0,5.47
1339390800.0,5.57
1339477200.0,5.7
1339563600.0,5.93
1339650000.0,5.95
1339736400.0,6.5
1339822800.0,6.4
1339909200.0,6.16
1339995600.0,6.31
1340082000.0,6.5
1340168400.0,6.67
1340254800.0,6.68
1340341200.0,6.55
1340427600.0,6.43
1340514000.0,6.35
1340600400.0,6.3
1340686800.0,6.42
1340773200.0,6.65
1340859600.0,6.61
1340946000.0,6.65
1341032400.0,6.69
1341118800.0,6.63
1341205200.0,6.76
1341291600.0,6.45
1341378000.0,6.51
1341464400.0,6.67
1341550800.0,6.65
1341637200.0,6.76
1341723600.0,6.8
1341810000.0,7.02
1341896400.0,7.2
1341982800.0,7.15
1342069200.0,7.76
1342155600.0,7.67
1342242000.0,7.54
1342328400.0,7.62
1342414800.0,8.5
1342501200.0,8.8
1342587600.0,9.11
1342674000.0,8.87
1342760400.0,8.52
1342846800.0,8.85
1342933200.0,8.41
1343019600.0,8.45
1343106000.0,8.6
1343192400.0,8.8
1343278800.0,8.9
1343365200.0,8.9
1343451600.0,8.89
1343538000.0,8.71
1343624400.0,9.1
1343710800.0,9.35
1343797200.0,9.55
1343883600.0,10.53
1343970000.0,10.97
1344056400.0,10.98
1344142800.0,10.87
1344229200.0,10.86
1344315600.0,11.1
1344402000.0,11.06
1344488400.0,11.06
1344574800.0,11.39
1344661200.0,11.51
1344747600.0,11.62
1344834000.0,12.04
1344920400.0,12.19
1345006800.0,13.25
1345093200.0,13.5
1345179600.0,11.58
1345266000.0,11.61
1345352400.0,8
1345438800.0,10.1
1345525200.0,9.91
1345611600.0,9.81
1345698000.0,10.1
1345784400.0,10.6
1345870800.0,10.52
1345957200.0,10.61
1346043600.0,10.95
1346130000.0,10.94
1346216400.0,10.92
1346302800.0,10.78
1346389200.0,10.16
1346475600.0,9.97
1346562000.0,10.2
1346648400.0,10.53
1346734800.0,10.38
1346821200.0,11
1346907600.0,11.18
1346994000.0,11
1347080400.0,11.04
1347166800.0,11.02
1347253200.0,11.17
1347339600.0,11.33
1347426000.0,11.36
1347512400.0,11.4
1347598800.0,11.67
1347685200.0,11.75
1347771600.0,11.87
1347858000.0,11.89
1347944400.0,12.25
1348030800.0,12.57
1348117200.0,12.28
1348203600.0,12.37
1348290000.0,12.24
1348376400.0,12.19
1348462800.0,12.1
1348549200.0,12.2
1348635600.0,12.27
1348722000.0,12.31
1348808400.0,12.39
1348894800.0,12.36
1348981200.0,12.4
1349067600.0,12.4
1349154000.0,12.84
1349240400.0,12.89
1349326800.0,12.85
1349413200.0,12.69
1349499600.0,12.5
1349586000.0,11.8
1349672400.0,11.78
1349758800.0,11.89
1349845200.0,12.12
1349931600.0,12.03
1350018000.0,12
1350104400.0,11.86
1350190800.0,11.74
1350277200.0,11.84
1350363600.0,11.85
1350450000.0,11.81
1350536400.0,11.94
1350622800.0,11.74
1350709200.0,11.74
1350795600.0,11.63
1350882000.0,11.71
1350968400.0,11.65
1351054800.0,11.65
1351141200.0,10.86
1351227600.0,10.17
1351314000.0,10.26
1351400400.0,10.7
1351486800.0,10.6
1351573200.0,10.89
1351659600.0,11.2
1351746000.0,10.57
1351832400.0,10.47
1351918800.0,10.64
1352005200.0,10.8
1352095200.0,10.75
1352181600.0,10.9
1352268000.0,10.92
1352354400.0,10.92
1352440800.0,10.81
1352527200.0,10.89
1352613600.0,10.87
1352700000.0,11.01
1352786400.0,10.95
1352872800.0,10.95
1352959200.0,11.2
1353045600.0,11.75
1353132000.0,11.79
1353218400.0,11.65
1353304800.0,11.8
1353391200.0,11.73
1353477600.0,11.77
1353564000.0,12.42
1353650400.0,12.34
1353736800.0,12.41
1353823200.0,12.48
1353909600.0,12.25
1353996000.0,12.2
1354082400.0,12.35
1354168800.0,12.45
1354255200.0,12.56
1354341600.0,12.56
1354428000.0,12.5
1354514400.0,12.68
1354600800.0,13.41
1354687200.0,13.38
1354773600.0,13.3
1354860000.0,13.5
1354946400.0,13.42
1355032800.0,13.39
1355119200.0,13.43
1355205600.0,13.56
1355292000.0,13.7
1355378400.0,13.7
1355464800.0,13.6
1355551200.0,13.49
1355637600.0,13.3
1355724000.0,13.25
1355810400.0,13.3
1355896800.0,13.6
1355983200.0,13.52
1356069600.0,13.5
1356156000.0,13.37
1356242400.0,13.31
1356328800.0,13.38
1356415200.0,13.35
1356501600.0,13.47
1356588000.0,13.42
1356674400.0,13.42
1356760800.0,13.4
1356847200.0,13.45
1356933600.0,13.51
1357020000.0,13.3
1357106400.0,13.28
1357192800.0,13.4
1357279200.0,13.5
1357365600.0,13.44
1357452000.0,13.45
1357538400.0,13.59
1357624800.0,13.74
1357711200.0,13.77
1357797600.0,14.14
1357884000.0,14.14
1357970400.0,14.24
1358056800.0,14.12
1358143200.0,14.3
1358229600.0,14.25
1358316000.0,14.73
1358402400.0,15.5
1358488800.0,15.7
1358575200.0,15.61
1358661600.0,15.7
1358748000.0,16.8
1358834400.0,17.26
1358920800.0,17.5
1359007200.0,16.9
1359093600.0,17.4
1359180000.0,17.88
1359266400.0,17.82
1359352800.0,18.72
1359439200.0,19.53
1359525600.0,19.7
1359612000.0,20.41
1359698400.0,20.5
1359784800.0,19.63
1359871200.0,20.59
1359957600.0,20.43
1360044000.0,20.6
1360130400.0,21.18
1360216800.0,22.15
1360303200.0,22.66
1360389600.0,23.65
1360476000.0,23.97
1360562400.0,24.65
1360648800.0,25.17
1360735200.0,24.2
1360821600.0,27.22
1360908000.0,27.1
1360994400.0,27.22
1361080800.0,26.81
1361167200.0,26.95
1361253600.0,29.42
1361340000.0,29.64
1361426400.0,29.75
1361512800.0,30.25
1361599200.0,29.8
1361685600.0,29.89
1361772000.0,30.4
1361858400.0,31.1
1361944800.0,30.9
1362031200.0,33.38
1362117600.0,34.5
1362204000.0,34.25
1362290400.0,34.5
1362376800.0,36.15
1362463200.0,40.33
1362549600.0,41.02
1362636000.0,42
1362722400.0,44.18
1362808800.0,46.85
1362895200.0,46
1362978000.0,48.4
1363064400.0,44.29
1363150800.0,46.92
1363237200.0,47.17
1363323600.0,46.95
1363410000.0,47
1363496400.0,47.4
1363582800.0,51.6
1363669200.0,59.14
1363755600.0,64.49
1363842000.0,70.85
1363928400.0,69.86
1364014800.0,64.35
1364101200.0,71.5
1364187600.0,73.6
1364274000.0,78.5
1364360400.0,88.92
1364446800.0,86.18
1364533200.0,90.5
1364619600.0,92.19
1364706000.0,93.03
1364792400.0,104
1364878800.0,117.98
1364965200.0,135
1365051600.0,132.12
1365138000.0,142.32
1365224400.0,142.63
1365310800.0,162.3
1365397200.0,187.5
1365483600.0,230
1365570000.0,165
1365656400.0,124.9
1365742800.0,117
1365829200.0,93
1365915600.0,90
1366002000.0,82.39
1366088400.0,68.36
1366174800.0,93.07
1366261200.0,109.01
1366347600.0,118.48
1366434000.0,126.62
1366520400.0,119.2
1366606800.0,127.4
1366693200.0,143.47
1366779600.0,154.2
1366866000.0,141.71
1366952400.0,136.9
1367038800.0,128
1367125200.0,134.44
1367211600.0,144
1367298000.0,139.23
1367384400.0,116.38
1367470800.0,106.25
1367557200.0,98.1
1367643600.0,112.9
1367730000.0,115.98
1367816400.0,112.25
1367902800.0,109.6
1367989200.0,113.2
1368075600.0,112.8
1368162000.0,117.7
1368248400.0,115.64
1368334800.0,114.82
1368421200.0,117.98
1368507600.0,111.4
1368594000.0,114.22
1368680400.0,118.21
1368766800.0,123.5
1368853200.0,123.21
1368939600.0,122.5
1369026000.0,122.02
1369112400.0,122.89
1369198800.0,123.8
1369285200.0,126.3
1369371600.0,133.1
1369458000.0,131.99
1369544400.0,133.5
1369630800.0,129.77
1369717200.0,129
1369803600.0,132.25
1369890000.0,128.8
1369976400.0,128.82
1370062800.0,129.3
1370149200.0,122.5
1370235600.0,120.74
1370322000.0,121.4
1370408400.0,121.9
1370494800.0,118.97
1370581200.0,111
1370667600.0,107.89
1370754000.0,100.44
1370840400.0,106.35
1370926800.0,109
1371013200.0,108.78
1371099600.0,103.95
1371186000.0,100
1371272400.0,99.8
1371358800.0,99.9
1371445200.0,101.95
1371531600.0,107.35
1371618000.0,108.25
1371704400.0,111.29
1371790800.0,109.5
1371877200.0,108.2
1371963600.0,107.9
1372050000.0,102.09
1372136400.0,103.33
1372222800.0,104
1372309200.0,101.74
1372395600.0,94.66
1372482000.0,95
1372568400.0,97.51
1372654800.0,84.61
1372741200.0,87.66
1372827600.0,76.89
1372914000.0,77.68
1373000400.0,66.34
1373086800.0,66.85
1373173200.0,72.51
1373259600.0,74.56
1373346000.0,74.22
1373432400.0,84.51
1373518800.0,91.22
1373605200.0,88.46
1373691600.0,91.39
1373778000.0,90.37
1373864400.0,93.14
1373950800.0,92.74
1374037200.0,90.54
1374123600.0,85.43
1374210000.0,85.78
1374296400.0,85.67
1374382800.0,85.47
1374469200.0,86.09
1374555600.0,86.94
1374642000.0,87.46
1374728400.0,89.41
1374814800.0,90.63
1374901200.0,89.1
1374987600.0,92.1
1375074000.0,93.3
1375160400.0,96.31
1375246800.0,97.91
1375333200.0,96.42
1375419600.0,97.24
1375506000.0,96.66
1375592400.0,96.6
1375678800.0,96.92
1375765200.0,97.13
1375851600.0,96.92
1375938000.0,94.77
1376024400.0,93.36
1376110800.0,93.29
1376197200.0,94.16
1376283600.0,95.08
1376370000.0,97.9
1376456400.0,97.96
1376542800.0,97.54
1376629200.0,98.33
1376715600.0,99.56
1376802000.0,98.84
1376888400.0,102.3
1376974800.0,105.01
1377061200.0,111.44
1377147600.0,109.73
1377234000.0,107.55
1377320400.0,108.69
1377406800.0,111.79
1377493200.0,112.23
1377579600.0,117.45
1377666000.0,117.59
1377752400.0,117.52
1377838800.0,123.23
1377925200.0,129.46
1378011600.0,128.26
1378098000.0,127.36
1378184400.0,127.59
1378270800.0,120.57
1378357200.0,120.53
1378443600.0,116.32
1378530000.0,119.05
1378616400.0,116.59
1378702800.0,120.02
1378789200.0,121.46
1378875600.0,125.45
1378962000.0,125.76
1379048400.0,126.51
1379134800.0,124.08
1379221200.0,124.58
1379307600.0,125.06
1379394000.0,125.97
1379480400.0,126.3
1379566800.0,124.19
1379653200.0,122.9
1379739600.0,122.64
1379826000.0,122.65
1379912400.0,122.22
1379998800.0,122.54
1380085200.0,123.42
1380171600.0,123.48
1380258000.0,123.5
1380344400.0,124.75
1380430800.0,125.18
1380517200.0,123.1
1380603600.0,125.49
1380690000.0,99.81
1380776400.0,116.82
1380862800.0,121.29
1380949200.0,121.14
1381035600.0,121.68
1381122000.0,123.24
1381208400.0,124.32
1381294800.0,125.84
1381381200.0,125.7
1381467600.0,125.51
1381554000.0,126.52
1381640400.0,130.42
1381726800.0,133.04
1381813200.0,138.64
1381899600.0,137.42
1381986000.0,142.73
1382072400.0,149.59
1382158800.0,159.81
1382245200.0,163.06
1382331600.0,174.18
1382418000.0,183.86
1382504400.0,200.62
1382590800.0,183.15
1382677200.0,178.12
1382763600.0,175.9
1382850000.0,185.69
1382936400.0,187.87
1383022800.0,198.19
1383109200.0,194.55
1383195600.0,198.23
1383282000.0,198.51
1383368400.0,200.85
1383454800.0,207.63
1383544800.0,225.2
1383631200.0,239.29
1383717600.0,253.69
1383804000.0,283.3
1383890400.0,323.77
1383976800.0,336.14
1384063200.0,311.9
1384149600.0,332.63
1384236000.0,349.34
1384322400.0,393.28
1384408800.0,410.72
1384495200.0,409.17
1384581600.0,428.82
1384668000.0,476.29
1384754400.0,674.38
1384840800.0,541.83
1384927200.0,572.67
1385013600.0,695.87
1385100000.0,747.48
1385186400.0,776.7
1385272800.0,751.38
1385359200.0,778.68
1385445600.0,899.2
1385532000.0,948.41
1385618400.0,1037.75
1385704800.0,1120.4
1385791200.0,1124.76
1385877600.0,946.92
1385964000.0,1038.35
1386050400.0,1068.67
1386136800.0,1147.25
1386223200.0,1042.03
1386309600.0,834.03
1386396000.0,694.47
1386482400.0,795.4
1386568800.0,898.02
1386655200.0,990
1386741600.0,883.26
1386828000.0,875.75
1386914400.0,898.21
1387000800.0,867.49
1387087200.0,879.47
1387173600.0,712.51
1387260000.0,683.84
1387346400.0,522.23
1387432800.0,698.45
1387519200.0,622.84
1387605600.0,608.96
1387692000.0,617.82
1387778400.0,673.17
1387864800.0,667.62
1387951200.0,687.36
1388037600.0,765.21
1388124000.0,746.72
1388210400.0,730.47
1388296800.0,745.07
1388383200.0,754.76
1388469600.0,757.5
1388556000.0,770.44
1388642400.0,808.05
1388728800.0,830.02
1388815200.0,858.98
1388901600.0,940.1
1388988000.0,951.39
1389074400.0,810.58
1389160800.0,859.95
1389247200.0,860.89
1389333600.0,884.67
1389420000.0,930.9
1389506400.0,873.26
1389592800.0,857.96
1389679200.0,851.83
1389765600.0,874.71
1389852000.0,847.37
1389938400.0,828.22
1390024800.0,843.76
1390111200.0,878.68
1390197600.0,871.05
1390284000.0,874.29
1390370400.0,863.95
1390456800.0,854.35
1390543200.0,825.12
1390629600.0,861.85
1390716000.0,880.15
1390802400.0,814.53
1390888800.0,833.94
1390975200.0,837.51
1391061600.0,845.85
1391148000.0,848.29
1391234400.0,853.02
1391320800.0,854.37
1391407200.0,846.9
1391493600.0,842.01
1391580000.0,820.87
1391666400.0,783.62
1391752800.0,703.57
1391839200.0,676.91
1391925600.0,681.94
1392012000.0,679.73
1392098400.0,669.44
1392184800.0,648.38
1392271200.0,598.41
1392357600.0,656.61
1392444000.0,645.43
1392530400.0,610.65
1392616800.0,621.49
1392703200.0,621.22
1392789600.0,617.71
1392876000.0,552.21
1392962400.0,569.04
1393048800.0,604.75
1393135200.0,604.58
1393221600.0,545.32
1393308000.0,534.71
1393394400.0,577.09
1393480800.0,576.7
1393567200.0,543.93
1393653600.0,563.74
1393740000.0,560.3
1393826400.0,661.12
1393912800.0,663.6
1393999200.0,661.79
1394085600.0,658.72
1394172000.0,625.83
1394258400.0,615.24
1394344800.0,633.18
1394427600.0,625.83
1394514000.0,628.95
1394600400.0,631.39
1394686800.0,638.16
1394773200.0,626.71
1394859600.0,633.67
1394946000.0,630.72
1395032400.0,621.22
1395118800.0,613.63
1395205200.0,608.82
1395291600.0,586.59
1395378000.0,570.77
1395464400.0,564.42
1395550800.0,561.35
1395637200.0,586.27
1395723600.0,582.28
1395810000.0,579.07
1395896400.0,478.16
1395982800.0,502.44
1396069200.0,493.18
1396155600.0,461.87
1396242000.0,458.5
1396328400.0,478.72
1396414800.0,437.51
1396501200.0,447.08
1396587600.0,448.88
1396674000.0,464.83
1396760400.0,460.7
1396846800.0,446.22
1396933200.0,450.46
1397019600.0,440.2
1397106000.0,360.84
1397192400.0,420.06
1397278800.0,420.66
1397365200.0,414.95
1397451600.0,457.63
1397538000.0,520.12
1397624400.0,529.16
1397710800.0,494.4
1397797200.0,478.23
1397883600.0,501.55
1397970000.0,497.32
1398056400.0,493.09
1398142800.0,484.43
1398229200.0,486.93
1398315600.0,500.26
1398402000.0,459.61
1398488400.0,456.14
1398574800.0,429.65
1398661200.0,437.06
1398747600.0,444.25
1398834000.0,445.87
1398920400.0,456.27
1399006800.0,446.64
1399093200.0,436.94
1399179600.0,434.06
1399266000.0,429.72
1399352400.0,426.99
1399438800.0,436.96
1399525200.0,435.34
1399611600.0,448.23
1399698000.0,452.71
1399784400.0,436.54
1399870800.0,438.43
1399957200.0,437.41
1400043600.0,441.75
1400130000.0,444.32
1400216400.0,445.01
1400302800.0,446.36
1400389200.0,444.81
1400475600.0,444.31
1400562000.0,485.83
1400648400.0,489.16
1400734800.0,526.06
1400821200.0,519.04
1400907600.0,525.63
1400994000.0,570.09
1401080400.0,581.83
1401166800.0,569.63
1401253200.0,574.45
1401339600.0,565.51
1401426000.0,616.47
1401512400.0,623.26
1401598800.0,629.02
1401685200.0,658.79
1401771600.0,665.73
1401858000.0,636.78
1401944400.0,656.06
1402030800.0,645.56
1402117200.0,652.71
1402203600.0,653.64
1402290000.0,645.34
1402376400.0,649.81
1402462800.0,627.91
1402549200.0,581.8
1402635600.0,597.43
1402722000.0,571.69
1402808400.0,591.97
1402894800.0,588.06
1402981200.0,607.34
1403067600.0,604.88
1403154000.0,592.26
1403240400.0,588.52
1403326800.0,591.03
1403413200.0,598.88
1403499600.0,587.46
1403586000.0,575.07
1403672400.0,562.13
1403758800.0,579.38
1403845200.0,600.86
1403931600.0,591.99
1404018000.0,598.6
1404104400.0,639.36
1404190800.0,635.59
1404277200.0,647.34
1404363600.0,640.69
1404450000.0,626.96
1404536400.0,628.33
1404622800.0,631.71
1404709200.0,617.99
1404795600.0,620.22
1404882000.0,620.55
1404968400.0,615.11
1405054800.0,631.18
1405141200.0,634.48
1405227600.0,627.58
1405314000.0,618.38
1405400400.0,619.36
1405486800.0,615.2
1405573200.0,622.62
1405659600.0,628.22
1405746000.0,625.8
1405832400.0,621.37
1405918800.0,620.01
1406005200.0,618.81
1406091600.0,617.93
1406178000.0,600.01
1406264400.0,599.93
1406350800.0,593.85
1406437200.0,590.95
1406523600.0,584.69
1406610000.0,582.2
1406696400.0,564.37
1406782800.0,581.35
1406869200.0,595.08
1406955600.0,587.29
1407042000.0,585.51
1407128400.0,586.76
1407214800.0,583.11
1407301200.0,583.04
1407387600.0,587.4
1407474000.0,590.53
1407560400.0,588.09
1407646800.0,589.45
1407733200.0,573.31
1407819600.0,568.21
1407906000.0,544.57
1407992400.0,508.55
1408078800.0,496.62
1408165200.0,519.83
1408251600.0,492.95
1408338000.0,460.67
1408424400.0,486.74
1408510800.0,511.93
1408597200.0,516.16
1408683600.0,513.94
1408770000.0,497.22
1408856400.0,508.57
1408942800.0,501.63
1409029200.0,513.47
1409115600.0,510.43
1409202000.0,507.02
1409288400.0,508.42
1409374800.0,501.2
1409461200.0,478.07
1409547600.0,474.13
1409634000.0,475.32
1409720400.0,474.54
1409806800.0,489.09
1409893200.0,480.5
1409979600.0,482.24
1410066000.0,479.48
1410152400.0,472.15
1410238800.0,471.56
1410325200.0,477.53
1410411600.0,476.33
1410498000.0,473.83
1410584400.0,477.09
1410670800.0,474.71
1410757200.0,471.36
1410843600.0,463.74
1410930000.0,454.91
1411016400.0,421.46
1411102800.0,391.94
1411189200.0,406.82
1411275600.0,396.57
1411362000.0,398.89
1411448400.0,435.38
1411534800.0,422.3
1411621200.0,408.8
1411707600.0,401.92
1411794000.0,398.36
1411880400.0,376.2
1411966800.0,374.73
1412053200.0,386.27
1412139600.0,381.33
1412226000.0,371.99
1412312400.0,356.56
1412398800.0,325.49
1412485200.0,319.64
1412571600.0,328.46
1412658000.0,334.09
1412744400.0,352.79
1412830800.0,363.78
1412917200.0,358.69
1413003600.0,359.2
1413090000.0,376.19
1413176400.0,388.38
1413262800.0,398.71
1413349200.0,391.84
1413435600.0,380.08
1413522000.0,380.42
1413608400.0,388.96
1413694800.0,386.59
1413781200.0,379.37
1413867600.0,382.38
1413954000.0,379.1
1414040400.0,355.86
1414126800.0,355.17
1414213200.0,346.11
1414299600.0,351.54
1414386000.0,348.96
1414472400.0,351.9
1414558800.0,333.38
1414645200.0,343.78
1414731600.0,336.8
1414818000.0,325.39
1414904400.0,323.74
1414994400.0,324.23
1415080800.0,328.28
1415167200.0,337.14
1415253600.0,348.23
1415340000.0,341.08
1415426400.0,344.03
1415512800.0,363.31
1415599200.0,365.29
1415685600.0,366.99
1415772000.0,427.24
1415858400.0,417.15
1415944800.0,398.43
1416031200.0,375.13
1416117600.0,388.55
1416204000.0,385.86
1416290400.0,372.38
1416376800.0,377.24
1416463200.0,356.14
1416549600.0,348.86
1416636000.0,352.04
1416722400.0,366.77
1416808800.0,375.24
1416895200.0,375.72
1416981600.0,368.51
1417068000.0,369.14
1417154400.0,375.85
1417240800.0,375.22
1417327200.0,377.09
1417413600.0,378.64
1417500000.0,381.54
1417586400.0,374.97
1417672800.0,369.15
1417759200.0,376.04
1417845600.0,374.02
1417932000.0,374.26
1418018400.0,360.94
1418104800.0,351.27
1418191200.0,344.62
1418277600.0,347.13
1418364000.0,350.94
1418450400.0,347.47
1418536800.0,351.14
1418623200.0,345.1
1418709600.0,326.08
1418796000.0,319.17
1418882400.0,310.75
1418968800.0,317.01
1419055200.0,329.57
1419141600.0,319.24
1419228000.0,330.67
1419314400.0,334.05
1419400800.0,321.88
1419487200.0,318.61
1419573600.0,327.16
1419660000.0,315.17
1419746400.0,316.8
1419832800.0,312.44
1419919200.0,309.87
1420005600.0,319.7
1420092000.0,313.92
1420178400.0,314.59
1420264800.0,279.85
1420351200.0,263.63
1420437600.0,272.95
1420524000.0,285.58
1420610400.0,294.88
1420696800.0,283.25
1420783200.0,288.84
1420869600.0,274.07
1420956000.0,265.37
1421042400.0,267.09
1421128800.0,226.98
1421215200.0,177.28
1421301600.0,210.46
1421388000.0,207.22
1421474400.0,199.62
1421560800.0,209.93
1421647200.0,213.98
1421733600.0,210.48
1421820000.0,225.98
1421906400.0,232.66
1421992800.0,232.97
1422079200.0,247.99
1422165600.0,254.51
1422252000.0,271.95
1422338400.0,262.06
1422424800.0,233.21
1422511200.0,232.4
1422597600.0,226.5
1422684000.0,216.91
1422770400.0,226.4
1422856800.0,237.54
1422943200.0,226.96
1423029600.0,226.73
1423116000.0,216.77
1423202400.0,222.48
1423288800.0,227.33
1423375200.0,222.87
1423461600.0,220.17
1423548000.0,220.08
1423634400.0,219.49
1423720800.0,221.85
1423807200.0,235.79
1423893600.0,257.47
1423980000.0,234.33
1424066400.0,233.56
1424152800.0,243.6
1424239200.0,236.21
1424325600.0,239.83
1424412000.0,243.78
1424498400.0,244.26
1424584800.0,235.53
1424671200.0,238.08
1424757600.0,238.76
1424844000.0,237.25
1424930400.0,236.1
1425016800.0,252.51
1425103200.0,253.53
1425189600.0,258.74
1425276000.0,271.35
1425362400.0,281.45
1425448800.0,271.92
1425535200.0,274.86
1425621600.0,272.21
1425708000.0,275.89
1425794400.0,274.48
1425877200.0,288.52
1425963600.0,290.51
1426050000.0,295.83
1426136400.0,293.87
1426222800.0,284.28
1426309200.0,281.36
1426395600.0,285.34
1426482000.0,290.38
1426568400.0,284.46
1426654800.0,255.37
1426741200.0,259.74
1426827600.0,260.84
1426914000.0,259.62
1427000400.0,267.8
1427086800.0,265.94
1427173200.0,245.44
1427259600.0,246.13
1427346000.0,247.65
1427432400.0,246.58
1427518800.0,252.25
1427605200.0,242.02
1427691600.0,246.85
1427778000.0,243.39
1427864400.0,246.55
1427950800.0,252.26
1428037200.0,253.54
1428123600.0,253.12
1428210000.0,259.95
1428296400.0,254.52
1428382800.0,252.8
1428469200.0,244.36
1428555600.0,243.26
1428642000.0,235.22
1428728400.0,236.12
1428814800.0,235.64
1428901200.0,223.41
1428987600.0,218.27
1429074000.0,223.57
1429160400.0,228.11
1429246800.0,222.23
1429333200.0,222.84
1429419600.0,221.69
1429506000.0,224.31
1429592400.0,235.81
1429678800.0,233.92
1429765200.0,235.56
1429851600.0,230.79
1429938000.0,225.85
1430024400.0,218.81
1430110800.0,228.5
1430197200.0,225.68
1430283600.0,225.98
1430370000.0,236.57
1430456400.0,232.12
1430542800.0,234.9
1430629200.0,240.12
1430715600.0,238.77
1430802000.0,236.55
1430888400.0,230.05
1430974800.0,237.78
1431061200.0,243.39
1431147600.0,240.48
1431234000.0,239.63
1431320400.0,241.85
1431406800.0,240.99
1431493200.0,235.8
1431579600.0,236.74
1431666000.0,237.31
1431752400.0,235.73
1431838800.0,236.1
1431925200.0,232.87
1432011600.0,231.94
1432098000.0,234.25
1432184400.0,235.3
1432270800.0,240.52
1432357200.0,239.03
1432443600.0,241.19
1432530000.0,237.49
1432616400.0,237.33
1432702800.0,237.18
1432789200.0,237.47
1432875600.0,237.1
1432962000.0,233.29
1433048400.0,230
1433134800.0,223.31
1433221200.0,225.75
1433307600.0,225.65
1433394000.0,224.37
1433480400.0,225.04
1433566800.0,225.68
1433653200.0,223.39
1433739600.0,228.65
1433826000.0,229.33
1433912400.0,228.95
1433998800.0,229.84
