1279429200.0
1279515600.0
1279602000.0
1279688400.0
1279774800.0
1279861200.0
1279947600.0
1280034000.0
1280120400.0
1280206800.0
1280293200.0
1280379600.0
1280466000.0
1280552400.0
1280638800.0
1280725200.0
1280811600.0
1280898000.0
1280984400.0
1281070800.0
1281157200.0
1281243600.0
1281330000.0
1281416400.0
1281502800.0
1281589200.0
1281675600.0
1281762000.0
1281848400.0
1281934800.0
1282021200.0
1282107600.0
1282194000.0
1282280400.0
1282366800.0
1282453200.0
1282539600.0
1282626000.0
1282712400.0
1282798800.0
1282885200.0
1282971600.0
1283058000.0
1283144400.0
1283230800.0
1283317200.0
1283403600.0
1283490000.0
1283576400.0
1283662800.0
1283749200.0
1283835600.0
1283922000.0
1284008400.0
1284094800.0
1284181200.0
1284267600.0
1284354000.0
1284440400.0
1284526800.0
1284613200.0
1284699600.0
1284786000.0
1284872400.0
1284958800.0
1285045200.0
1285131600.0
1285218000.0
1285304400.0
1285390800.0
1285477200.0
1285563600.0
1285650000.0
1285736400.0
1285822800.0
1285909200.0
1285995600.0
1286082000.0
1286168400.0
1286254800.0
1286341200.0
1286427600.0
1286514000.0
1286600400.0
1286686800.0
1286773200.0
1286859600.0
1286946000.0
1287032400.0
1287118800.0
1287205200.0
1287291600.0
1287378000.0
1287464400.0
1287550800.0
1287637200.0
1287723600.0
1287810000.0
1287896400.0
1287982800.0
1288069200.0
1288155600.0
1288242000.0
1288328400.0
1288414800.0
1288501200.0
1288587600.0
1288674000.0
1288760400.0
1288846800.0
1288933200.0
1289019600.0
1289106000.0
1289196000.0
1289282400.0
1289368800.0
1289455200.0
1289541600.0
1289628000.0
1289714400.0
1289800800.0
1289887200.0
1289973600.0
1290060000.0
1290146400.0
1290232800.0
1290319200.0
1290405600.0
1290492000.0
1290578400.0
1290664800.0
1290751200.0
1290837600.0
1290924000.0
1291010400.0
1291096800.0
1291183200.0
1291269600.0
1291356000.0
1291442400.0
1291528800.0
1291615200.0
1291701600.0
1291788000.0
1291874400.0
1291960800.0
1292047200.0
1292133600.0
1292220000.0
1292306400.0
1292392800.0
1292479200.0
1292565600.0
1292652000.0
1292738400.0
1292824800.0
1292911200.0
1292997600.0
1293084000.0
1293170400.0
1293256800.0
1293343200.0
1293429600.0
1293516000.0
1293602400.0
1293688800.0
1293775200.0
1293861600.0
1293948000.0
1294034400.0
1294120800.0
1294207200.0
1294293600.0
1294380000.0
1294466400.0
1294552800.0
1294639200.0
1294725600.0
1294812000.0
1294898400.0
1294984800.0
1295071200.0
1295157600.0
1295244000.0
1295330400.0
1295416800.0
1295503200.0
1295589600.0
1295676000.0
1295762400.0
1295848800.0
1295935200.0
1296021600.0
1296108000.0
1296194400.0
1296280800.0
1296367200.0
1296453600.0
1296540000.0
1296626400.0
1296712800.0
1296799200.0
1296885600.0
1296972000.0
1297058400.0
1297144800.0
1297231200.0
1297317600.0
1297404000.0
1297490400.0
1297576800.0
1297663200.0
1297749600.0
1297836000.0
1297922400.0
1298008800.0
1298095200.0
1298181600.0
1298268000.0
1298354400.0
1298440800.0
1298527200.0
1298613600.0
1298700000.0
1298786400.0
1298872800.0
1298959200.0
1299045600.0
1299132000.0
1299218400.0
1299304800.0
1299391200.0
1299477600.0
1299564000.0
1299650400.0
1299736800.0
1299823200.0
1299909600.0
1299996000.0
1300078800.0
1300165200.0
1300251600.0
1300338000.0
1300424400.0
1300510800.0
1300597200.0
1300683600.0
1300770000.0
1300856400.0
1300942800.0
1301029200.0
1301115600.0
1301202000.0
1301288400.0
1301374800.0
1301461200.0
1301547600.0
1301634000.0
1301720400.0
1301806800.0
1301893200.0
1301979600.0
1302066000.0
1302152400.0
1302238800.0
1302325200.0
1302411600.0
1302498000.0
1302584400.0
1302670800.0
1302757200.0
1302843600.0
1302930000.0
1303016400.0
1303102800.0
1303189200.0
1303275600.0
1303362000.0
1303448400.0
1303534800.0
1303621200.0
1303707600.0
1303794000.0
1303880400.0
1303966800.0
1304053200.0
1304139600.0
1304226000.0
1304312400.0
1304398800.0
1304485200.0
1304571600.0
1304658000.0
1304744400.0
1304830800.0
1304917200.0
1305003600.0
1305090000.0
1305176400.0
1305262800.0
1305349200.0
1305435600.0
1305522000.0
1305608400.0
1305694800.0
1305781200.0
1305867600.0
1305954000.0
1306040400.0
1306126800.0
1306213200.0
1306299600.0
1306386000.0
1306472400.0
1306558800.0
1306645200.0
1306731600.0
1306818000.0
1306904400.0
1306990800.0
1307077200.0
1307163600.0
1307250000.0
1307336400.0
1307422800.0
1307509200.0
1307595600.0
1307682000.0
1307768400.0
1307854800.0
1307941200.0
1308027600.0
1308114000.0
1308200400.0
1308286800.0
1308373200.0
1308459600.0
1308546000.0
1308632400.0
1308718800.0
1308805200.0
1308891600.0
1308978000.0
1309064400.0
1309150800.0
1309237200.0
1309323600.0
1309410000.0
1309496400.0
1309582800.0
1309669200.0
1309755600.0
1309842000.0
1309928400.0
1310014800.0
1310101200.0
1310187600.0
1310274000.0
1310360400.0
1310446800.0
1310533200.0
1310619600.0
1310706000.0
1310792400.0
1310878800.0
1310965200.0
1311051600.0
1311138000.0
1311224400.0
1311310800.0
1311397200.0
1311483600.0
1311570000.0
1311656400.0
1311742800.0
1311829200.0
1311915600.0
1312002000.0
1312088400.0
1312174800.0
1312261200.0
1312347600.0
1312434000.0
1312520400.0
1312606800.0
1312693200.0
1312779600.0
1312866000.0
1312952400.0
1313038800.0
1313125200.0
1313211600.0
1313298000.0
1313384400.0
1313470800.0
1313557200.0
1313643600.0
1313730000.0
1313816400.0
1313902800.0
1313989200.0
1314075600.0
1314162000.0
1314248400.0
1314334800.0
1314421200.0
1314507600.0
1314594000.0
1314680400.0
1314766800.0
1314853200.0
1314939600.0
1315026000.0
1315112400.0
1315198800.0
1315285200.0
1315371600.0
1315458000.0
1315544400.0
1315630800.0
1315717200.0
1315803600.0
1315890000.0
1315976400.0
1316062800.0
1316149200.0
1316235600.0
1316322000.0
1316408400.0
1316494800.0
1316581200.0
1316667600.0
1316754000.0
1316840400.0
1316926800.0
1317013200.0
1317099600.0
1317186000.0
1317272400.0
1317358800.0
1317445200.0
1317531600.0
1317618000.0
1317704400.0
1317790800.0
1317877200.0
1317963600.0
1318050000.0
1318136400.0
1318222800.0
1318309200.0
1318395600.0
1318482000.0
1318568400.0
1318654800.0
1318741200.0
1318827600.0
1318914000.0
1319000400.0
1319086800.0
1319173200.0
1319259600.0
1319346000.0
1319432400.0
1319518800.0
1319605200.0
1319691600.0
1319778000.0
1319864400.0
1319950800.0
1320037200.0
1320123600.0
1320210000.0
1320296400.0
1320382800.0
1320469200.0
1320555600.0
1320645600.0
1320732000.0
1320818400.0
1320904800.0
1320991200.0
1321077600.0
1321164000.0
1321250400.0
1321336800.0
1321423200.0
1321509600.0
1321596000.0
1321682400.0
1321768800.0
1321855200.0
1321941600.0
1322028000.0
1322114400.0
1322200800.0
1322287200.0
1322373600.0
1322460000.0
1322546400.0
1322632800.0
1322719200.0
1322805600.0
1322892000.0
1322978400.0
1323064800.0
1323151200.0
1323237600.0
1323324000.0
1323410400.0
1323496800.0
1323583200.0
1323669600.0
1323756000.0
1323842400.0
1323928800.0
1324015200.0
1324101600.0
1324188000.0
1324274400.0
1324360800.0
1324447200.0
1324533600.0
1324620000.0
1324706400.0
1324792800.0
1324879200.0
1324965600.0
1325052000.0
1325138400.0
1325224800.0
1325311200.0
1325397600.0
1325484000.0
1325570400.0
1325656800.0
1325743200.0
1325829600.0
1325916000.0
1326002400.0
1326088800.0
1326175200.0
1326261600.0
1326348000.0
1326434400.0
1326520800.0
1326607200.0
1326693600.0
1326780000.0
1326866400.0
1326952800.0
1327039200.0
1327125600.0
1327212000.0
1327298400.0
1327384800.0
1327471200.0
1327557600.0
1327644000.0
1327730400.0
1327816800.0
1327903200.0
1327989600.0
1328076000.0
1328162400.0
1328248800.0
1328335200.0
1328421600.0
1328508000.0
1328594400.0
1328680800.0
1328767200.0
1328853600.0
1328940000.0
1329026400.0
1329112800.0
1329199200.0
1329285600.0
1329372000.0
1329458400.0
1329544800.0
1329631200.0
1329717600.0
1329804000.0
1329890400.0
1329976800.0
1330063200.0
1330149600.0
1330236000.0
1330322400.0
1330408800.0
1330495200.0
1330581600.0
1330668000.0
1330754400.0
1330840800.0
1330927200.0
1331013600.0
1331100000.0
1331186400.0
1331272800.0
1331359200.0
1331445600.0
1331528400.0
1331614800.0
1331701200.0
1331787600.0
1331874000.0
1331960400.0
1332046800.0
1332133200.0
1332219600.0
1332306000.0
1332392400.0
1332478800.0
1332565200.0
1332651600.0
1332738000.0
1332824400.0
1332910800.0
1332997200.0
1333083600.0
1333170000.0
1333256400.0
1333342800.0
1333429200.0
1333515600.0
1333602000.0
1333688400.0
1333774800.0
1333861200.0
1333947600.0
1334034000.0
1334120400.0
1334206800.0
1334293200.0
1334379600.0
1334466000.0
1334552400.0
1334638800.0
1334725200.0
1334811600.0
1334898000.0
1334984400.0
1335070800.0
1335157200.0
1335243600.0
1335330000.0
1335416400.0
1335502800.0
1335589200.0
1335675600.0
1335762000.0
1335848400.0
1335934800.0
1336021200.0
1336107600.0
1336194000.0
1336280400.0
1336366800.0
1336453200.0
1336539600.0
1336626000.0
1336712400.0
1336798800.0
1336885200.0
1336971600.0
1337058000.0
1337144400.0
1337230800.0
1337317200.0
1337403600.0
1337490000.0
1337576400.0
1337662800.0
1337749200.0
1337835600.0
1337922000.0
1338008400.0
1338094800.0
1338181200.0
1338267600.0
1338354000.0
1338440400.0
1338526800.0
1338613200.0
1338699600.0
1338786000.0
1338872400.0
1338958800.0
1339045200.0
1339131600.0
1339218000.0
1339304400.0
1339390800.0
1339477200.0
1339563600.0
1339650000.0
1339736400.0
1339822800.0
1339909200.0
1339995600.0
1340082000.0
1340168400.0
1340254800.0
1340341200.0
1340427600.0
1340514000.0
1340600400.0
1340686800.0
1340773200.0
1340859600.0
1340946000.0
1341032400.0
1341118800.0
1341205200.0
1341291600.0
1341378000.0
1341464400.0
1341550800.0
1341637200.0
1341723600.0
1341810000.0
1341896400.0
1341982800.0
1342069200.0
1342155600.0
1342242000.0
1342328400.0
1342414800.0
1342501200.0
1342587600.0
1342674000.0
1342760400.0
1342846800.0
1342933200.0
1343019600.0
1343106000.0
1343192400.0
1343278800.0
1343365200.0
1343451600.0
1343538000.0
1343624400.0
1343710800.0
1343797200.0
1343883600.0
1343970000.0
1344056400.0
1344142800.0
1344229200.0
1344315600.0
1344402000.0
1344488400.0
1344574800.0
1344661200.0
1344747600.0
1344834000.0
1344920400.0
1345006800.0
1345093200.0
1345179600.0
1345266000.0
1345352400.0
1345438800.0
1345525200.0
1345611600.0
1345698000.0
1345784400.0
1345870800.0
1345957200.0
1346043600.0
1346130000.0
1346216400.0
1346302800.0
1346389200.0
1346475600.0
1346562000.0
1346648400.0
1346734800.0
1346821200.0
1346907600.0
1346994000.0
1347080400.0
1347166800.0
1347253200.0
1347339600.0
1347426000.0
1347512400.0
1347598800.0
1347685200.0
1347771600.0
1347858000.0
1347944400.0
1348030800.0
1348117200.0
1348203600.0
1348290000.0
1348376400.0
1348462800.0
1348549200.0
1348635600.0
1348722000.0
1348808400.0
1348894800.0
1348981200.0
1349067600.0
1349154000.0
1349240400.0
1349326800.0
1349413200.0
1349499600.0
1349586000.0
1349672400.0
1349758800.0
1349845200.0
1349931600.0
1350018000.0
1350104400.0
1350190800.0
1350277200.0
1350363600.0
1350450000.0
1350536400.0
1350622800.0
1350709200.0
1350795600.0
1350882000.0
1350968400.0
1351054800.0
1351141200.0
1351227600.0
1351314000.0
1351400400.0
1351486800.0
1351573200.0
1351659600.0
1351746000.0
1351832400.0
1351918800.0
1352005200.0
1352095200.0
1352181600.0
1352268000.0
1352354400.0
1352440800.0
1352527200.0
1352613600.0
1352700000.0
1352786400.0
1352872800.0
1352959200.0
1353045600.0
1353132000.0
1353218400.0
1353304800.0
1353391200.0
1353477600.0
1353564000.0
1353650400.0
1353736800.0
1353823200.0
1353909600.0
1353996000.0
1354082400.0
1354168800.0
1354255200.0
1354341600.0
1354428000.0
1354514400.0
1354600800.0
1354687200.0
1354773600.0
1354860000.0
1354946400.0
1355032800.0
1355119200.0
1355205600.0
1355292000.0
1355378400.0
1355464800.0
1355551200.0
1355637600.0
1355724000.0
1355810400.0
1355896800.0
1355983200.0
1356069600.0
1356156000.0
1356242400.0
1356328800.0
1356415200.0
1356501600.0
1356588000.0
1356674400.0
1356760800.0
1356847200.0
1356933600.0
1357020000.0
1357106400.0
1357192800.0
1357279200.0
1357365600.0
1357452000.0
1357538400.0
1357624800.0
1357711200.0
1357797600.0
1357884000.0
1357970400.0
1358056800.0
1358143200.0
1358229600.0
1358316000.0
1358402400.0
1358488800.0
1358575200.0
1358661600.0
1358748000.0
1358834400.0
1358920800.0
1359007200.0
1359093600.0
1359180000.0
1359266400.0
1359352800.0
1359439200.0
1359525600.0
1359612000.0
1359698400.0
1359784800.0
1359871200.0
1359957600.0
1360044000.0
1360130400.0
1360216800.0
1360303200.0
1360389600.0
1360476000.0
1360562400.0
1360648800.0
1360735200.0
1360821600.0
1360908000.0
1360994400.0
1361080800.0
1361167200.0
1361253600.0
1361340000.0
1361426400.0
1361512800.0
1361599200.0
1361685600.0
1361772000.0
1361858400.0
1361944800.0
1362031200.0
1362117600.0
1362204000.0
1362290400.0
1362376800.0
1362463200.0
1362549600.0
1362636000.0
1362722400.0
1362808800.0
1362895200.0
1362978000.0
1363064400.0
1363150800.0
1363237200.0
1363323600.0
1363410000.0
1363496400.0
1363582800.0
1363669200.0
1363755600.0
1363842000.0
1363928400.0
1364014800.0
1364101200.0
1364187600.0
1364274000.0
1364360400.0
1364446800.0
1364533200.0
1364619600.0
1364706000.0
1364792400.0
1364878800.0
1364965200.0
1365051600.0
1365138000.0
1365224400.0
1365310800.0
1365397200.0
1365483600.0
1365570000.0
1365656400.0
1365742800.0
1365829200.0
1365915600.0
1366002000.0
1366088400.0
1366174800.0
1366261200.0
1366347600.0
1366434000.0
1366520400.0
1366606800.0
1366693200.0
1366779600.0
1366866000.0
1366952400.0
1367038800.0
1367125200.0
1367211600.0
1367298000.0
1367384400.0
1367470800.0
1367557200.0
1367643600.0
1367730000.0
1367816400.0
1367902800.0
1367989200.0
1368075600.0
1368162000.0
1368248400.0
1368334800.0
1368421200.0
1368507600.0
1368594000.0
1368680400.0
1368766800.0
1368853200.0
1368939600.0
1369026000.0
1369112400.0
1369198800.0
1369285200.0
1369371600.0
1369458000.0
1369544400.0
1369630800.0
1369717200.0
1369803600.0
1369890000.0
1369976400.0
1370062800.0
1370149200.0
1370235600.0
1370322000.0
1370408400.0
1370494800.0
1370581200.0
1370667600.0
1370754000.0
1370840400.0
1370926800.0
1371013200.0
1371099600.0
1371186000.0
1371272400.0
1371358800.0
1371445200.0
1371531600.0
1371618000.0
1371704400.0
1371790800.0
1371877200.0
1371963600.0
1372050000.0
1372136400.0
1372222800.0
1372309200.0
1372395600.0
1372482000.0
1372568400.0
1372654800.0
1372741200.0
1372827600.0
1372914000.0
1373000400.0
1373086800.0
1373173200.0
1373259600.0
1373346000.0
1373432400.0
1373518800.0
1373605200.0
1373691600.0
1373778000.0
1373864400.0
1373950800.0
1374037200.0
1374123600.0
1374210000.0
1374296400.0
1374382800.0
1374469200.0
1374555600.0
1374642000.0
1374728400.0
1374814800.0
1374901200.0
1374987600.0
1375074000.0
1375160400.0
1375246800.0
1375333200.0
1375419600.0
1375506000.0
1375592400.0
1375678800.0
1375765200.0
1375851600.0
1375938000.0
1376024400.0
1376110800.0
1376197200.0
1376283600.0
1376370000.0
1376456400.0
1376542800.0
1376629200.0
1376715600.0
1376802000.0
1376888400.0
1376974800.0
1377061200.0
1377147600.0
1377234000.0
1377320400.0
1377406800.0
1377493200.0
1377579600.0
1377666000.0
1377752400.0
1377838800.0
1377925200.0
1378011600.0
1378098000.0
1378184400.0
1378270800.0
1378357200.0
1378443600.0
1378530000.0
1378616400.0
1378702800.0
1378789200.0
1378875600.0
1378962000.0
1379048400.0
1379134800.0
1379221200.0
1379307600.0
1379394000.0
1379480400.0
1379566800.0
1379653200.0
1379739600.0
1379826000.0
1379912400.0
1379998800.0
1380085200.0
1380171600.0
1380258000.0
1380344400.0
1380430800.0
1380517200.0
1380603600.0
1380690000.0
1380776400.0
1380862800.0
1380949200.0
1381035600.0
1381122000.0
1381208400.0
1381294800.0
1381381200.0
1381467600.0
1381554000.0
1381640400.0
1381726800.0
1381813200.0
1381899600.0
1381986000.0
1382072400.0
1382158800.0
1382245200.0
1382331600.0
1382418000.0
1382504400.0
1382590800.0
1382677200.0
1382763600.0
1382850000.0
1382936400.0
1383022800.0
1383109200.0
1383195600.0
1383282000.0
1383368400.0
1383454800.0
1383544800.0
1383631200.0
1383717600.0
1383804000.0
1383890400.0
1383976800.0
1384063200.0
1384149600.0
1384236000.0
1384322400.0
1384408800.0
1384495200.0
1384581600.0
1384668000.0
1384754400.0
1384840800.0
1384927200.0
1385013600.0
1385100000.0
1385186400.0
1385272800.0
1385359200.0
1385445600.0
1385532000.0
1385618400.0
1385704800.0
1385791200.0
1385877600.0
1385964000.0
1386050400.0
1386136800.0
1386223200.0
1386309600.0
1386396000.0
1386482400.0
1386568800.0
1386655200.0
1386741600.0
1386828000.0
1386914400.0
1387000800.0
1387087200.0
1387173600.0
1387260000.0
1387346400.0
1387432800.0
1387519200.0
1387605600.0
1387692000.0
1387778400.0
1387864800.0
1387951200.0
1388037600.0
1388124000.0
1388210400.0
1388296800.0
1388383200.0
1388469600.0
1388556000.0
1388642400.0
1388728800.0
1388815200.0
1388901600.0
1388988000.0
1389074400.0
1389160800.0
1389247200.0
1389333600.0
1389420000.0
1389506400.0
1389592800.0
1389679200.0
1389765600.0
1389852000.0
1389938400.0
1390024800.0
1390111200.0
1390197600.0
1390284000.0
1390370400.0
1390456800.0
1390543200.0
1390629600.0
1390716000.0
1390802400.0
1390888800.0
1390975200.0
1391061600.0
1391148000.0
1391234400.0
1391320800.0
1391407200.0
1391493600.0
1391580000.0
1391666400.0
1391752800.0
1391839200.0
1391925600.0
1392012000.0
1392098400.0
1392184800.0
1392271200.0
1392357600.0
1392444000.0
1392530400.0
1392616800.0
1392703200.0
1392789600.0
1392876000.0
1392962400.0
1393048800.0
1393135200.0
1393221600.0
1393308000.0
1393394400.0
1393480800.0
1393567200.0
1393653600.0
1393740000.0
1393826400.0
1393912800.0
1393999200.0
1394085600.0
1394172000.0
1394258400.0
1394344800.0
1394427600.0
1394514000.0
1394600400.0
1394686800.0
1394773200.0
1394859600.0
1394946000.0
1395032400.0
1395118800.0
1395205200.0
1395291600.0
1395378000.0
1395464400.0
1395550800.0
1395637200.0
1395723600.0
1395810000.0
1395896400.0
1395982800.0
1396069200.0
1396155600.0
1396242000.0
1396328400.0
1396414800.0
1396501200.0
1396587600.0
1396674000.0
1396760400.0
1396846800.0
1396933200.0
1397019600.0
1397106000.0
1397192400.0
1397278800.0
1397365200.0
1397451600.0
1397538000.0
1397624400.0
1397710800.0
1397797200.0
1397883600.0
1397970000.0
1398056400.0
1398142800.0
1398229200.0
1398315600.0
1398402000.0
1398488400.0
1398574800.0
1398661200.0
1398747600.0
1398834000.0
1398920400.0
1399006800.0
1399093200.0
1399179600.0
1399266000.0
1399352400.0
1399438800.0
1399525200.0
1399611600.0
1399698000.0
1399784400.0
1399870800.0
1399957200.0
1400043600.0
1400130000.0
1400216400.0
1400302800.0
1400389200.0
1400475600.0
1400562000.0
1400648400.0
1400734800.0
1400821200.0
1400907600.0
1400994000.0
1401080400.0
1401166800.0
1401253200.0
1401339600.0
1401426000.0
1401512400.0
1401598800.0
1401685200.0
1401771600.0
1401858000.0
1401944400.0
1402030800.0
1402117200.0
1402203600.0
1402290000.0
1402376400.0
1402462800.0
1402549200.0
1402635600.0
1402722000.0
1402808400.0
1402894800.0
1402981200.0
1403067600.0
1403154000.0
1403240400.0
1403326800.0
1403413200.0
1403499600.0
1403586000.0
1403672400.0
1403758800.0
1403845200.0
1403931600.0
1404018000.0
1404104400.0
1404190800.0
1404277200.0
1404363600.0
1404450000.0
1404536400.0
1404622800.0
1404709200.0
1404795600.0
1404882000.0
1404968400.0
1405054800.0
1405141200.0
1405227600.0
1405314000.0
1405400400.0
1405486800.0
1405573200.0
1405659600.0
1405746000.0
1405832400.0
1405918800.0
1406005200.0
1406091600.0
1406178000.0
1406264400.0
1406350800.0
1406437200.0
1406523600.0
1406610000.0
1406696400.0
1406782800.0
1406869200.0
1406955600.0
1407042000.0
1407128400.0
1407214800.0
1407301200.0
1407387600.0
1407474000.0
1407560400.0
1407646800.0
1407733200.0
1407819600.0
1407906000.0
1407992400.0
1408078800.0
1408165200.0
1408251600.0
1408338000.0
1408424400.0
1408510800.0
1408597200.0
1408683600.0
1408770000.0
1408856400.0
1408942800.0
1409029200.0
1409115600.0
1409202000.0
1409288400.0
1409374800.0
1409461200.0
1409547600.0
1409634000.0
1409720400.0
1409806800.0
1409893200.0
1409979600.0
1410066000.0
1410152400.0
1410238800.0
1410325200.0
1410411600.0
1410498000.0
1410584400.0
1410670800.0
1410757200.0
1410843600.0
1410930000.0
1411016400.0
1411102800.0
1411189200.0
1411275600.0
1411362000.0
1411448400.0
1411534800.0
1411621200.0
1411707600.0
1411794000.0
1411880400.0
1411966800.0
1412053200.0
1412139600.0
1412226000.0
1412312400.0
1412398800.0
1412485200.0
1412571600.0
1412658000.0
1412744400.0
1412830800.0
1412917200.0
1413003600.0
1413090000.0
1413176400.0
1413262800.0
1413349200.0
1413435600.0
1413522000.0
1413608400.0
1413694800.0
1413781200.0
1413867600.0
1413954000.0
1414040400.0
1414126800.0
1414213200.0
1414299600.0
1414386000.0
1414472400.0
1414558800.0
1414645200.0
1414731600.0
1414818000.0
1414904400.0
1414994400.0
1415080800.0
1415167200.0
1415253600.0
1415340000.0
1415426400.0
1415512800.0
1415599200.0
1415685600.0
1415772000.0
1415858400.0
1415944800.0
1416031200.0
1416117600.0
1416204000.0
1416290400.0
1416376800.0
1416463200.0
1416549600.0
1416636000.0
1416722400.0
1416808800.0
1416895200.0
1416981600.0
1417068000.0
1417154400.0
1417240800.0
1417327200.0
1417413600.0
1417500000.0
1417586400.0
1417672800.0
1417759200.0
1417845600.0
1417932000.0
1418018400.0
1418104800.0
1418191200.0
1418277600.0
1418364000.0
1418450400.0
1418536800.0
1418623200.0
1418709600.0
1418796000.0
1418882400.0
1418968800.0
1419055200.0
1419141600.0
1419228000.0
1419314400.0
1419400800.0
1419487200.0
1419573600.0
1419660000.0
1419746400.0
1419832800.0
1419919200.0
1420005600.0
1420092000.0
1420178400.0
1420264800.0
1420351200.0
1420437600.0
1420524000.0
1420610400.0
1420696800.0
1420783200.0
1420869600.0
1420956000.0
1421042400.0
1421128800.0
1421215200.0
1421301600.0
1421388000.0
1421474400.0
1421560800.0
1421647200.0
1421733600.0
1421820000.0
1421906400.0
1421992800.0
1422079200.0
1422165600.0
1422252000.0
1422338400.0
1422424800.0
1422511200.0
1422597600.0
1422684000.0
1422770400.0
1422856800.0
1422943200.0
1423029600.0
1423116000.0
1423202400.0
1423288800.0
1423375200.0
1423461600.0
1423548000.0
1423634400.0
1423720800.0
1423807200.0
1423893600.0
1423980000.0
1424066400.0
1424152800.0
1424239200.0
1424325600.0
1424412000.0
1424498400.0
1424584800.0
1424671200.0
1424757600.0
1424844000.0
1424930400.0
1425016800.0
1425103200.0
1425189600.0
1425276000.0
1425362400.0
1425448800.0
1425535200.0
1425621600.0
1425708000.0
1425794400.0
1425877200.0
1425963600.0
1426050000.0
1426136400.0
1426222800.0
1426309200.0
1426395600.0
1426482000.0
1426568400.0
1426654800.0
1426741200.0
1426827600.0
1426914000.0
1427000400.0
1427086800.0
1427173200.0
1427259600.0
1427346000.0
1427432400.0
1427518800.0
1427605200.0
1427691600.0
1427778000.0
1427864400.0
1427950800.0
1428037200.0
1428123600.0
1428210000.0
1428296400.0
1428382800.0
1428469200.0
1428555600.0
1428642000.0
1428728400.0
1428814800.0
1428901200.0
1428987600.0
1429074000.0
1429160400.0
1429246800.0
1429333200.0
1429419600.0
1429506000.0
1429592400.0
1429678800.0
1429765200.0
1429851600.0
1429938000.0
1430024400.0
1430110800.0
1430197200.0
1430283600.0
1430370000.0
1430456400.0
1430542800.0
1430629200.0
1430715600.0
1430802000.0
1430888400.0
1430974800.0
1431061200.0
1431147600.0
1431234000.0
1431320400.0
1431406800.0
1431493200.0
1431579600.0
1431666000.0
1431752400.0
1431838800.0
1431925200.0
1432011600.0
1432098000.0
1432184400.0
1432270800.0
1432357200.0
1432443600.0
1432530000.0
1432616400.0
1432702800.0
1432789200.0
1432875600.0
1432962000.0
1433048400.0
1433134800.0
1433221200.0
1433307600.0
1433394000.0
1433480400.0
1433566800.0
1433653200.0
1433739600.0
1433826000.0
1433912400.0
1433998800.0
